SVM Linear Kernel with C as 0.1
             precision    recall  f1-score   support

        1.0       1.00      1.00      1.00      1722
        2.0       1.00      1.00      1.00      1544
        3.0       1.00      1.00      1.00      1407
        4.0       0.95      0.95      0.95      1801
        5.0       0.96      0.96      0.96      1979
        6.0       1.00      1.00      1.00      1958
        7.0       0.92      0.86      0.89        70
        8.0       0.97      0.94      0.95        33
        9.0       0.73      0.81      0.77       107
       10.0       0.73      0.79      0.76        85
       11.0       0.82      0.75      0.78       139
       12.0       0.76      0.67      0.71        84

avg / total       0.97      0.97      0.97     10929

Accuracy: 0.973556592552

SVM Linear Kernel with C as 0.2
             precision    recall  f1-score   support

        1.0       1.00      1.00      1.00      1722
        2.0       1.00      1.00      1.00      1544
        3.0       1.00      1.00      1.00      1407
        4.0       0.95      0.96      0.95      1801
        5.0       0.96      0.95      0.96      1979
        6.0       1.00      1.00      1.00      1958
        7.0       0.91      0.84      0.87        70
        8.0       0.97      0.91      0.94        33
        9.0       0.71      0.76      0.73       107
       10.0       0.76      0.79      0.77        85
       11.0       0.78      0.75      0.76       139
       12.0       0.76      0.71      0.74        84

avg / total       0.97      0.97      0.97     10929

Accuracy: 0.973922591271

SVM Linear Kernel with C as 0.3
             precision    recall  f1-score   support

        1.0       1.00      1.00      1.00      1722
        2.0       1.00      1.00      1.00      1544
        3.0       1.00      1.00      1.00      1407
        4.0       0.95      0.96      0.95      1801
        5.0       0.96      0.95      0.96      1979
        6.0       1.00      1.00      1.00      1958
        7.0       0.91      0.86      0.88        70
        8.0       0.97      0.91      0.94        33
        9.0       0.72      0.77      0.74       107
       10.0       0.78      0.79      0.78        85
       11.0       0.79      0.75      0.77       139
       12.0       0.77      0.74      0.75        84

avg / total       0.97      0.97      0.97     10929

Accuracy: 0.973465092872

SVM Linear Kernel with C as 0.4
             precision    recall  f1-score   support

        1.0       1.00      1.00      1.00      1722
        2.0       1.00      1.00      1.00      1544
        3.0       1.00      1.00      1.00      1407
        4.0       0.95      0.95      0.95      1801
        5.0       0.96      0.96      0.96      1979
        6.0       1.00      1.00      1.00      1958
        7.0       0.91      0.86      0.88        70
        8.0       0.97      0.91      0.94        33
        9.0       0.73      0.79      0.76       107
       10.0       0.77      0.78      0.77        85
       11.0       0.80      0.76      0.78       139
       12.0       0.75      0.73      0.74        84

avg / total       0.97      0.97      0.97     10929

Accuracy: 0.973190593833

SVM Linear Kernel with C as 0.5
             precision    recall  f1-score   support

        1.0       1.00      1.00      1.00      1722
        2.0       1.00      1.00      1.00      1544
        3.0       1.00      1.00      1.00      1407
        4.0       0.93      0.93      0.93      1801
        5.0       0.94      0.94      0.94      1979
        6.0       1.00      1.00      1.00      1958
        7.0       0.91      0.86      0.88        70
        8.0       0.97      0.91      0.94        33
        9.0       0.75      0.79      0.77       107
       10.0       0.74      0.75      0.75        85
       11.0       0.81      0.77      0.79       139
       12.0       0.73      0.70      0.72        84

avg / total       0.97      0.97      0.97     10929

Accuracy: 0.967517613688

SVM Linear Kernel with C as 0.6
             precision    recall  f1-score   support

        1.0       1.00      1.00      1.00      1722
        2.0       1.00      1.00      1.00      1544
        3.0       1.00      1.00      1.00      1407
        4.0       0.94      0.94      0.94      1801
        5.0       0.95      0.95      0.95      1979
        6.0       1.00      1.00      1.00      1958
        7.0       0.92      0.86      0.89        70
        8.0       0.97      0.91      0.94        33
        9.0       0.75      0.79      0.77       107
       10.0       0.73      0.75      0.74        85
       11.0       0.81      0.78      0.80       139
       12.0       0.72      0.68      0.70        84

avg / total       0.97      0.97      0.97     10929

Accuracy: 0.970903101839

SVM Linear Kernel with C as 0.7
             precision    recall  f1-score   support

        1.0       1.00      1.00      1.00      1722
        2.0       1.00      1.00      1.00      1544
        3.0       1.00      1.00      1.00      1407
        4.0       0.93      0.90      0.91      1801
        5.0       0.91      0.94      0.92      1979
        6.0       1.00      1.00      1.00      1958
        7.0       0.92      0.86      0.89        70
        8.0       0.97      0.91      0.94        33
        9.0       0.74      0.79      0.76       107
       10.0       0.73      0.75      0.74        85
       11.0       0.81      0.78      0.80       139
       12.0       0.72      0.68      0.70        84

avg / total       0.96      0.96      0.96     10929

Accuracy: 0.961478634825

SVM Linear Kernel with C as 0.8
             precision    recall  f1-score   support

        1.0       1.00      1.00      1.00      1722
        2.0       1.00      1.00      1.00      1544
        3.0       1.00      1.00      1.00      1407
        4.0       0.90      0.93      0.91      1801
        5.0       0.94      0.90      0.92      1979
        6.0       1.00      1.00      1.00      1958
        7.0       0.92      0.86      0.89        70
        8.0       0.97      0.91      0.94        33
        9.0       0.76      0.79      0.78       107
       10.0       0.74      0.75      0.74        85
       11.0       0.82      0.80      0.81       139
       12.0       0.72      0.69      0.71        84

avg / total       0.96      0.96      0.96     10929

Accuracy: 0.960746637387

SVM Linear Kernel with C as 0.9
             precision    recall  f1-score   support

        1.0       1.00      1.00      1.00      1722
        2.0       1.00      1.00      1.00      1544
        3.0       1.00      1.00      1.00      1407
        4.0       0.92      0.92      0.92      1801
        5.0       0.93      0.92      0.93      1979
        6.0       1.00      1.00      1.00      1958
        7.0       0.92      0.86      0.89        70
        8.0       0.97      0.91      0.94        33
        9.0       0.77      0.79      0.78       107
       10.0       0.73      0.75      0.74        85
       11.0       0.82      0.81      0.81       139
       12.0       0.71      0.68      0.70        84

avg / total       0.96      0.96      0.96     10929

Accuracy: 0.96312562906

SVM Linear Kernel with C as 1.0
             precision    recall  f1-score   support

        1.0       1.00      1.00      1.00      1722
        2.0       1.00      1.00      1.00      1544
        3.0       1.00      1.00      1.00      1407
        4.0       0.91      0.92      0.91      1801
        5.0       0.92      0.92      0.92      1979
        6.0       1.00      1.00      1.00      1958
        7.0       0.92      0.86      0.89        70
        8.0       0.97      0.91      0.94        33
        9.0       0.75      0.79      0.77       107
       10.0       0.74      0.76      0.75        85
       11.0       0.82      0.79      0.81       139
       12.0       0.72      0.69      0.71        84

avg / total       0.96      0.96      0.96     10929

Accuracy: 0.960746637387

SVM Linear Kernel with C as 1.1
             precision    recall  f1-score   support

        1.0       1.00      1.00      1.00      1722
        2.0       1.00      1.00      1.00      1544
        3.0       1.00      1.00      1.00      1407
        4.0       0.89      0.90      0.89      1801
        5.0       0.91      0.90      0.90      1979
        6.0       1.00      1.00      1.00      1958
        7.0       0.92      0.86      0.89        70
        8.0       0.97      0.91      0.94        33
        9.0       0.76      0.79      0.77       107
       10.0       0.74      0.75      0.74        85
       11.0       0.82      0.80      0.81       139
       12.0       0.72      0.69      0.70        84

avg / total       0.95      0.95      0.95     10929

Accuracy: 0.954707658523

SVM Linear Kernel with C as 1.2
             precision    recall  f1-score   support

        1.0       1.00      1.00      1.00      1722
        2.0       1.00      1.00      1.00      1544
        3.0       1.00      1.00      1.00      1407
        4.0       0.90      0.88      0.89      1801
        5.0       0.90      0.91      0.90      1979
        6.0       1.00      1.00      1.00      1958
        7.0       0.92      0.86      0.89        70
        8.0       0.97      0.91      0.94        33
        9.0       0.76      0.79      0.77       107
       10.0       0.72      0.75      0.74        85
       11.0       0.82      0.80      0.81       139
       12.0       0.71      0.67      0.69        84

avg / total       0.95      0.95      0.95     10929

Accuracy: 0.953975661085

SVM Linear Kernel with C as 1.3
             precision    recall  f1-score   support

        1.0       1.00      1.00      1.00      1722
        2.0       1.00      1.00      1.00      1544
        3.0       1.00      1.00      1.00      1407
        4.0       0.91      0.91      0.91      1801
        5.0       0.92      0.92      0.92      1979
        6.0       1.00      1.00      1.00      1958
        7.0       0.92      0.86      0.89        70
        8.0       0.97      0.91      0.94        33
        9.0       0.76      0.79      0.78       107
       10.0       0.71      0.75      0.73        85
       11.0       0.82      0.80      0.81       139
       12.0       0.71      0.65      0.68        84

avg / total       0.96      0.96      0.96     10929

Accuracy: 0.959831640589

SVM Linear Kernel with C as 1.4
             precision    recall  f1-score   support

        1.0       1.00      1.00      1.00      1722
        2.0       1.00      1.00      1.00      1544
        3.0       1.00      1.00      1.00      1407
        4.0       0.89      0.87      0.88      1801
        5.0       0.89      0.90      0.89      1979
        6.0       1.00      1.00      1.00      1958
        7.0       0.92      0.86      0.89        70
        8.0       0.97      0.91      0.94        33
        9.0       0.76      0.79      0.78       107
       10.0       0.71      0.74      0.72        85
       11.0       0.82      0.80      0.81       139
       12.0       0.70      0.65      0.67        84

avg / total       0.95      0.95      0.95     10929

Accuracy: 0.950224174215

SVM Linear Kernel with C as 1.5
             precision    recall  f1-score   support

        1.0       1.00      1.00      1.00      1722
        2.0       1.00      1.00      1.00      1544
        3.0       1.00      1.00      1.00      1407
        4.0       0.89      0.88      0.88      1801
        5.0       0.89      0.91      0.90      1979
        6.0       1.00      1.00      1.00      1958
        7.0       0.92      0.86      0.89        70
        8.0       0.97      0.91      0.94        33
        9.0       0.76      0.79      0.78       107
       10.0       0.71      0.74      0.72        85
       11.0       0.82      0.80      0.81       139
       12.0       0.70      0.65      0.67        84

avg / total       0.95      0.95      0.95     10929

Accuracy: 0.951688169091

SVM Linear Kernel with C as 1.6
             precision    recall  f1-score   support

        1.0       1.00      1.00      1.00      1722
        2.0       1.00      1.00      1.00      1544
        3.0       1.00      1.00      1.00      1407
        4.0       0.89      0.88      0.89      1801
        5.0       0.89      0.91      0.90      1979
        6.0       1.00      1.00      1.00      1958
        7.0       0.92      0.86      0.89        70
        8.0       0.97      0.91      0.94        33
        9.0       0.76      0.79      0.78       107
       10.0       0.71      0.74      0.72        85
       11.0       0.82      0.80      0.81       139
       12.0       0.70      0.65      0.67        84

avg / total       0.95      0.95      0.95     10929

Accuracy: 0.95232866685

SVM Linear Kernel with C as 1.7
             precision    recall  f1-score   support

        1.0       1.00      1.00      1.00      1722
        2.0       1.00      1.00      1.00      1544
        3.0       1.00      1.00      1.00      1407
        4.0       0.89      0.91      0.90      1801
        5.0       0.92      0.90      0.91      1979
        6.0       1.00      1.00      1.00      1958
        7.0       0.92      0.86      0.89        70
        8.0       0.97      0.91      0.94        33
        9.0       0.76      0.79      0.78       107
       10.0       0.71      0.74      0.72        85
       11.0       0.82      0.80      0.81       139
       12.0       0.70      0.65      0.67        84

avg / total       0.96      0.96      0.96     10929

Accuracy: 0.956080153719

SVM Linear Kernel with C as 1.8
             precision    recall  f1-score   support

        1.0       1.00      1.00      1.00      1722
        2.0       1.00      1.00      1.00      1544
        3.0       1.00      1.00      1.00      1407
        4.0       0.88      0.91      0.89      1801
        5.0       0.91      0.89      0.90      1979
        6.0       1.00      1.00      1.00      1958
        7.0       0.92      0.86      0.89        70
        8.0       0.97      0.91      0.94        33
        9.0       0.76      0.79      0.78       107
       10.0       0.71      0.74      0.72        85
       11.0       0.82      0.80      0.81       139
       12.0       0.70      0.65      0.67        84

avg / total       0.95      0.95      0.95     10929

Accuracy: 0.953609662366

SVM Linear Kernel with C as 1.9
             precision    recall  f1-score   support

        1.0       1.00      1.00      1.00      1722
        2.0       1.00      1.00      1.00      1544
        3.0       1.00      1.00      1.00      1407
        4.0       0.88      0.88      0.88      1801
        5.0       0.89      0.90      0.89      1979
        6.0       1.00      1.00      1.00      1958
        7.0       0.92      0.86      0.89        70
        8.0       0.97      0.91      0.94        33
        9.0       0.76      0.79      0.78       107
       10.0       0.71      0.74      0.72        85
       11.0       0.82      0.80      0.81       139
       12.0       0.70      0.65      0.67        84

avg / total       0.95      0.95      0.95     10929

Accuracy: 0.950681672614

SVM Linear Kernel with C as 2.0
             precision    recall  f1-score   support

        1.0       1.00      1.00      1.00      1722
        2.0       1.00      1.00      1.00      1544
        3.0       1.00      1.00      1.00      1407
        4.0       0.90      0.87      0.88      1801
        5.0       0.88      0.91      0.90      1979
        6.0       1.00      1.00      1.00      1958
        7.0       0.92      0.86      0.89        70
        8.0       0.97      0.91      0.94        33
        9.0       0.76      0.79      0.78       107
       10.0       0.71      0.74      0.72        85
       11.0       0.82      0.80      0.81       139
       12.0       0.70      0.65      0.67        84

avg / total       0.95      0.95      0.95     10929

Accuracy: 0.950864671974

SVM Linear Kernel with C as 2.1
             precision    recall  f1-score   support

        1.0       1.00      1.00      1.00      1722
        2.0       1.00      1.00      1.00      1544
        3.0       1.00      1.00      1.00      1407
        4.0       0.90      0.91      0.91      1801
        5.0       0.92      0.91      0.91      1979
        6.0       1.00      1.00      1.00      1958
        7.0       0.92      0.86      0.89        70
        8.0       0.97      0.91      0.94        33
        9.0       0.76      0.79      0.78       107
       10.0       0.71      0.74      0.72        85
       11.0       0.82      0.80      0.81       139
       12.0       0.70      0.65      0.67        84

avg / total       0.96      0.96      0.96     10929

Accuracy: 0.958093146674

SVM Linear Kernel with C as 2.2
             precision    recall  f1-score   support

        1.0       1.00      1.00      1.00      1722
        2.0       1.00      1.00      1.00      1544
        3.0       1.00      1.00      1.00      1407
        4.0       0.88      0.89      0.89      1801
        5.0       0.90      0.90      0.90      1979
        6.0       1.00      1.00      1.00      1958
        7.0       0.92      0.86      0.89        70
        8.0       0.97      0.91      0.94        33
        9.0       0.76      0.79      0.78       107
       10.0       0.71      0.74      0.72        85
       11.0       0.82      0.80      0.81       139
       12.0       0.70      0.65      0.67        84

avg / total       0.95      0.95      0.95     10929

Accuracy: 0.95205416781

SVM Linear Kernel with C as 2.3
             precision    recall  f1-score   support

        1.0       1.00      1.00      1.00      1722
        2.0       1.00      1.00      1.00      1544
        3.0       1.00      1.00      1.00      1407
        4.0       0.90      0.92      0.91      1801
        5.0       0.93      0.91      0.92      1979
        6.0       1.00      1.00      1.00      1958
        7.0       0.92      0.86      0.89        70
        8.0       0.97      0.91      0.94        33
        9.0       0.76      0.79      0.78       107
       10.0       0.71      0.74      0.72        85
       11.0       0.82      0.80      0.81       139
       12.0       0.70      0.65      0.67        84

avg / total       0.96      0.96      0.96     10929

Accuracy: 0.960289138988

SVM Linear Kernel with C as 2.4
             precision    recall  f1-score   support

        1.0       1.00      1.00      1.00      1722
        2.0       1.00      1.00      1.00      1544
        3.0       1.00      1.00      1.00      1407
        4.0       0.89      0.88      0.89      1801
        5.0       0.90      0.91      0.90      1979
        6.0       1.00      1.00      1.00      1958
        7.0       0.92      0.86      0.89        70
        8.0       0.97      0.91      0.94        33
        9.0       0.76      0.79      0.78       107
       10.0       0.71      0.74      0.72        85
       11.0       0.82      0.80      0.81       139
       12.0       0.70      0.65      0.67        84

avg / total       0.95      0.95      0.95     10929

Accuracy: 0.952786165248

SVM Linear Kernel with C as 2.5
             precision    recall  f1-score   support

        1.0       1.00      1.00      1.00      1722
        2.0       1.00      1.00      1.00      1544
        3.0       1.00      1.00      1.00      1407
        4.0       0.89      0.91      0.90      1801
        5.0       0.91      0.90      0.91      1979
        6.0       1.00      1.00      1.00      1958
        7.0       0.92      0.86      0.89        70
        8.0       0.97      0.91      0.94        33
        9.0       0.76      0.79      0.78       107
       10.0       0.71      0.74      0.72        85
       11.0       0.82      0.80      0.81       139
       12.0       0.70      0.65      0.67        84

avg / total       0.96      0.96      0.96     10929

Accuracy: 0.955531155641

SVM Linear Kernel with C as 2.6
             precision    recall  f1-score   support

        1.0       1.00      1.00      1.00      1722
        2.0       1.00      1.00      1.00      1544
        3.0       1.00      1.00      1.00      1407
        4.0       0.89      0.89      0.89      1801
        5.0       0.90      0.90      0.90      1979
        6.0       1.00      1.00      1.00      1958
        7.0       0.92      0.86      0.89        70
        8.0       0.97      0.91      0.94        33
        9.0       0.76      0.79      0.78       107
       10.0       0.71      0.74      0.72        85
       11.0       0.82      0.80      0.81       139
       12.0       0.70      0.65      0.67        84

avg / total       0.95      0.95      0.95     10929

Accuracy: 0.953609662366

SVM Linear Kernel with C as 2.7
             precision    recall  f1-score   support

        1.0       1.00      1.00      1.00      1722
        2.0       1.00      1.00      1.00      1544
        3.0       1.00      1.00      1.00      1407
        4.0       0.89      0.90      0.89      1801
        5.0       0.91      0.90      0.90      1979
        6.0       1.00      1.00      1.00      1958
        7.0       0.92      0.86      0.89        70
        8.0       0.97      0.91      0.94        33
        9.0       0.76      0.79      0.78       107
       10.0       0.71      0.74      0.72        85
       11.0       0.82      0.80      0.81       139
       12.0       0.70      0.65      0.67        84

avg / total       0.95      0.95      0.95     10929

Accuracy: 0.954158660445

SVM Linear Kernel with C as 2.8
             precision    recall  f1-score   support

        1.0       1.00      1.00      1.00      1722
        2.0       1.00      1.00      1.00      1544
        3.0       1.00      1.00      1.00      1407
        4.0       0.88      0.88      0.88      1801
        5.0       0.89      0.89      0.89      1979
        6.0       1.00      1.00      1.00      1958
        7.0       0.92      0.86      0.89        70
        8.0       0.97      0.91      0.94        33
        9.0       0.76      0.79      0.78       107
       10.0       0.71      0.74      0.72        85
       11.0       0.82      0.80      0.81       139
       12.0       0.70      0.65      0.67        84

avg / total       0.95      0.95      0.95     10929

Accuracy: 0.950132674536

SVM Linear Kernel with C as 2.9
             precision    recall  f1-score   support

        1.0       1.00      1.00      1.00      1722
        2.0       1.00      1.00      1.00      1544
        3.0       1.00      1.00      1.00      1407
        4.0       0.88      0.88      0.88      1801
        5.0       0.89      0.89      0.89      1979
        6.0       1.00      1.00      1.00      1958
        7.0       0.92      0.86      0.89        70
        8.0       0.97      0.91      0.94        33
        9.0       0.76      0.79      0.78       107
       10.0       0.71      0.74      0.72        85
       11.0       0.82      0.80      0.81       139
       12.0       0.70      0.65      0.67        84

avg / total       0.95      0.95      0.95     10929

Accuracy: 0.950773172294

SVM Linear Kernel with C as 3.0
             precision    recall  f1-score   support

        1.0       1.00      1.00      1.00      1722
        2.0       1.00      1.00      1.00      1544
        3.0       1.00      1.00      1.00      1407
        4.0       0.90      0.87      0.88      1801
        5.0       0.88      0.91      0.90      1979
        6.0       1.00      1.00      1.00      1958
        7.0       0.90      0.87      0.88        70
        8.0       0.97      0.94      0.95        33
        9.0       0.80      0.77      0.78       107
       10.0       0.70      0.69      0.70        85
       11.0       0.83      0.84      0.84       139
       12.0       0.69      0.67      0.68        84

avg / total       0.95      0.95      0.95     10929

Accuracy: 0.951413670052