SVM Linear Kernel with C as 1
             precision    recall  f1-score   support

        1.0       1.00      1.00      1.00      1722
        2.0       1.00      1.00      1.00      1544
        3.0       1.00      1.00      1.00      1407
        4.0       0.92      0.90      0.91      1801
        5.0       0.91      0.93      0.92      1979
        6.0       1.00      1.00      1.00      1958
        7.0       0.90      0.87      0.88        70
        8.0       0.97      0.94      0.95        33
        9.0       0.80      0.77      0.78       107
       10.0       0.72      0.69      0.71        85
       11.0       0.83      0.84      0.84       139
       12.0       0.70      0.69      0.69        84

avg / total       0.96      0.96      0.96     10929

Accuracy: 0.960197639308

SVM Linear Kernel with C as 2
             precision    recall  f1-score   support

        1.0       1.00      1.00      1.00      1722
        2.0       1.00      1.00      1.00      1544
        3.0       1.00      1.00      1.00      1407
        4.0       0.88      0.88      0.88      1801
        5.0       0.89      0.90      0.89      1979
        6.0       1.00      1.00      1.00      1958
        7.0       0.90      0.87      0.88        70
        8.0       0.97      0.94      0.95        33
        9.0       0.80      0.77      0.78       107
       10.0       0.70      0.69      0.70        85
       11.0       0.83      0.84      0.84       139
       12.0       0.69      0.67      0.68        84

avg / total       0.95      0.95      0.95     10929

Accuracy: 0.951047671333

SVM Linear Kernel with C as 3
             precision    recall  f1-score   support

        1.0       1.00      1.00      1.00      1722
        2.0       1.00      1.00      1.00      1544
        3.0       1.00      1.00      1.00      1407
        4.0       0.90      0.87      0.88      1801
        5.0       0.88      0.91      0.90      1979
        6.0       1.00      1.00      1.00      1958
        7.0       0.90      0.87      0.88        70
        8.0       0.97      0.94      0.95        33
        9.0       0.80      0.77      0.78       107
       10.0       0.70      0.69      0.70        85
       11.0       0.83      0.84      0.84       139
       12.0       0.69      0.67      0.68        84

avg / total       0.95      0.95      0.95     10929

Accuracy: 0.951413670052

SVM Linear Kernel with C as 4
             precision    recall  f1-score   support

        1.0       1.00      1.00      1.00      1722
        2.0       1.00      1.00      1.00      1544
        3.0       1.00      1.00      1.00      1407
        4.0       0.90      0.87      0.88      1801
        5.0       0.88      0.91      0.90      1979
        6.0       1.00      1.00      1.00      1958
        7.0       0.90      0.87      0.88        70
        8.0       0.97      0.94      0.95        33
        9.0       0.80      0.77      0.78       107
       10.0       0.70      0.69      0.70        85
       11.0       0.83      0.84      0.84       139
       12.0       0.69      0.67      0.68        84

avg / total       0.95      0.95      0.95     10929

Accuracy: 0.951413670052

SVM Linear Kernel with C as 5
             precision    recall  f1-score   support

        1.0       1.00      1.00      1.00      1722
        2.0       1.00      1.00      1.00      1544
        3.0       1.00      1.00      1.00      1407
        4.0       0.90      0.87      0.88      1801
        5.0       0.88      0.91      0.90      1979
        6.0       1.00      1.00      1.00      1958
        7.0       0.90      0.87      0.88        70
        8.0       0.97      0.94      0.95        33
        9.0       0.80      0.77      0.78       107
       10.0       0.70      0.69      0.70        85
       11.0       0.83      0.84      0.84       139
       12.0       0.69      0.67      0.68        84

avg / total       0.95      0.95      0.95     10929

Accuracy: 0.951413670052

SVM Linear Kernel with C as 6
             precision    recall  f1-score   support

        1.0       1.00      1.00      1.00      1722
        2.0       1.00      1.00      1.00      1544
        3.0       1.00      1.00      1.00      1407
        4.0       0.90      0.87      0.88      1801
        5.0       0.88      0.91      0.90      1979
        6.0       1.00      1.00      1.00      1958
        7.0       0.90      0.87      0.88        70
        8.0       0.97      0.94      0.95        33
        9.0       0.80      0.77      0.78       107
       10.0       0.70      0.69      0.70        85
       11.0       0.83      0.84      0.84       139
       12.0       0.69      0.67      0.68        84

avg / total       0.95      0.95      0.95     10929

Accuracy: 0.951413670052

SVM Linear Kernel with C as 7
             precision    recall  f1-score   support

        1.0       1.00      1.00      1.00      1722
        2.0       1.00      1.00      1.00      1544
        3.0       1.00      1.00      1.00      1407
        4.0       0.90      0.87      0.88      1801
        5.0       0.88      0.91      0.90      1979
        6.0       1.00      1.00      1.00      1958
        7.0       0.90      0.87      0.88        70
        8.0       0.97      0.94      0.95        33
        9.0       0.80      0.77      0.78       107
       10.0       0.70      0.69      0.70        85
       11.0       0.83      0.84      0.84       139
       12.0       0.69      0.67      0.68        84

avg / total       0.95      0.95      0.95     10929

Accuracy: 0.951413670052

SVM Linear Kernel with C as 8
             precision    recall  f1-score   support

        1.0       1.00      1.00      1.00      1722
        2.0       1.00      1.00      1.00      1544
        3.0       1.00      1.00      1.00      1407
        4.0       0.90      0.87      0.88      1801
        5.0       0.88      0.91      0.90      1979
        6.0       1.00      1.00      1.00      1958
        7.0       0.90      0.87      0.88        70
        8.0       0.97      0.94      0.95        33
        9.0       0.80      0.77      0.78       107
       10.0       0.70      0.69      0.70        85
       11.0       0.83      0.84      0.84       139
       12.0       0.69      0.67      0.68        84

avg / total       0.95      0.95      0.95     10929

Accuracy: 0.951413670052

SVM Linear Kernel with C as 9
             precision    recall  f1-score   support

        1.0       1.00      1.00      1.00      1722
        2.0       1.00      1.00      1.00      1544
        3.0       1.00      1.00      1.00      1407
        4.0       0.90      0.87      0.88      1801
        5.0       0.88      0.91      0.90      1979
        6.0       1.00      1.00      1.00      1958
        7.0       0.90      0.87      0.88        70
        8.0       0.97      0.94      0.95        33
        9.0       0.80      0.77      0.78       107
       10.0       0.70      0.69      0.70        85
       11.0       0.83      0.84      0.84       139
       12.0       0.69      0.67      0.68        84

avg / total       0.95      0.95      0.95     10929

Accuracy: 0.951413670052

SVM Linear Kernel with C as 10
             precision    recall  f1-score   support

        1.0       1.00      1.00      1.00      1722
        2.0       1.00      1.00      1.00      1544
        3.0       1.00      1.00      1.00      1407
        4.0       0.90      0.87      0.88      1801
        5.0       0.88      0.91      0.90      1979
        6.0       1.00      1.00      1.00      1958
        7.0       0.90      0.87      0.88        70
        8.0       0.97      0.94      0.95        33
        9.0       0.80      0.77      0.78       107
       10.0       0.70      0.69      0.70        85
       11.0       0.83      0.84      0.84       139
       12.0       0.69      0.67      0.68        84

avg / total       0.95      0.95      0.95     10929

Accuracy: 0.951413670052

SVM Linear Kernel with C as 11
             precision    recall  f1-score   support

        1.0       1.00      1.00      1.00      1722
        2.0       1.00      1.00      1.00      1544
        3.0       1.00      1.00      1.00      1407
        4.0       0.90      0.87      0.88      1801
        5.0       0.88      0.91      0.90      1979
        6.0       1.00      1.00      1.00      1958
        7.0       0.90      0.87      0.88        70
        8.0       0.97      0.94      0.95        33
        9.0       0.80      0.77      0.78       107
       10.0       0.70      0.69      0.70        85
       11.0       0.83      0.84      0.84       139
       12.0       0.69      0.67      0.68        84

avg / total       0.95      0.95      0.95     10929

Accuracy: 0.951413670052

SVM Linear Kernel with C as 12
             precision    recall  f1-score   support

        1.0       1.00      1.00      1.00      1722
        2.0       1.00      1.00      1.00      1544
        3.0       1.00      1.00      1.00      1407
        4.0       0.90      0.87      0.88      1801
        5.0       0.88      0.91      0.90      1979
        6.0       1.00      1.00      1.00      1958
        7.0       0.90      0.87      0.88        70
        8.0       0.97      0.94      0.95        33
        9.0       0.80      0.77      0.78       107
       10.0       0.70      0.69      0.70        85
       11.0       0.83      0.84      0.84       139
       12.0       0.69      0.67      0.68        84

avg / total       0.95      0.95      0.95     10929

Accuracy: 0.951413670052

SVM Linear Kernel with C as 13
             precision    recall  f1-score   support

        1.0       1.00      1.00      1.00      1722
        2.0       1.00      1.00      1.00      1544
        3.0       1.00      1.00      1.00      1407
        4.0       0.90      0.87      0.88      1801
        5.0       0.88      0.91      0.90      1979
        6.0       1.00      1.00      1.00      1958
        7.0       0.90      0.87      0.88        70
        8.0       0.97      0.94      0.95        33
        9.0       0.80      0.77      0.78       107
       10.0       0.70      0.69      0.70        85
       11.0       0.83      0.84      0.84       139
       12.0       0.69      0.67      0.68        84

avg / total       0.95      0.95      0.95     10929

Accuracy: 0.951413670052

SVM Linear Kernel with C as 14
             precision    recall  f1-score   support

        1.0       1.00      1.00      1.00      1722
        2.0       1.00      1.00      1.00      1544
        3.0       1.00      1.00      1.00      1407
        4.0       0.90      0.87      0.88      1801
        5.0       0.88      0.91      0.90      1979
        6.0       1.00      1.00      1.00      1958
        7.0       0.90      0.87      0.88        70
        8.0       0.97      0.94      0.95        33
        9.0       0.80      0.77      0.78       107
       10.0       0.70      0.69      0.70        85
       11.0       0.83      0.84      0.84       139
       12.0       0.69      0.67      0.68        84

avg / total       0.95      0.95      0.95     10929

Accuracy: 0.951413670052

SVM Linear Kernel with C as 15
             precision    recall  f1-score   support

        1.0       1.00      1.00      1.00      1722
        2.0       1.00      1.00      1.00      1544
        3.0       1.00      1.00      1.00      1407
        4.0       0.90      0.87      0.88      1801
        5.0       0.88      0.91      0.90      1979
        6.0       1.00      1.00      1.00      1958
        7.0       0.90      0.87      0.88        70
        8.0       0.97      0.94      0.95        33
        9.0       0.80      0.77      0.78       107
       10.0       0.70      0.69      0.70        85
       11.0       0.83      0.84      0.84       139
       12.0       0.69      0.67      0.68        84

avg / total       0.95      0.95      0.95     10929

Accuracy: 0.951413670052

SVM Linear Kernel with C as 16
             precision    recall  f1-score   support

        1.0       1.00      1.00      1.00      1722
        2.0       1.00      1.00      1.00      1544
        3.0       1.00      1.00      1.00      1407
        4.0       0.90      0.87      0.88      1801
        5.0       0.88      0.91      0.90      1979
        6.0       1.00      1.00      1.00      1958
        7.0       0.90      0.87      0.88        70
        8.0       0.97      0.94      0.95        33
        9.0       0.80      0.77      0.78       107
       10.0       0.70      0.69      0.70        85
       11.0       0.83      0.84      0.84       139
       12.0       0.69      0.67      0.68        84

avg / total       0.95      0.95      0.95     10929

Accuracy: 0.951413670052

SVM Linear Kernel with C as 17
             precision    recall  f1-score   support

        1.0       1.00      1.00      1.00      1722
        2.0       1.00      1.00      1.00      1544
        3.0       1.00      1.00      1.00      1407
        4.0       0.90      0.87      0.88      1801
        5.0       0.88      0.91      0.90      1979
        6.0       1.00      1.00      1.00      1958
        7.0       0.90      0.87      0.88        70
        8.0       0.97      0.94      0.95        33
        9.0       0.80      0.77      0.78       107
       10.0       0.70      0.69      0.70        85
       11.0       0.83      0.84      0.84       139
       12.0       0.69      0.67      0.68        84

avg / total       0.95      0.95      0.95     10929

Accuracy: 0.951413670052

SVM Linear Kernel with C as 18
             precision    recall  f1-score   support

        1.0       1.00      1.00      1.00      1722
        2.0       1.00      1.00      1.00      1544
        3.0       1.00      1.00      1.00      1407
        4.0       0.90      0.87      0.88      1801
        5.0       0.88      0.91      0.90      1979
        6.0       1.00      1.00      1.00      1958
        7.0       0.90      0.87      0.88        70
        8.0       0.97      0.94      0.95        33
        9.0       0.80      0.77      0.78       107
       10.0       0.70      0.69      0.70        85
       11.0       0.83      0.84      0.84       139
       12.0       0.69      0.67      0.68        84

avg / total       0.95      0.95      0.95     10929

Accuracy: 0.951413670052

SVM Linear Kernel with C as 19
             precision    recall  f1-score   support

        1.0       1.00      1.00      1.00      1722
        2.0       1.00      1.00      1.00      1544
        3.0       1.00      1.00      1.00      1407
        4.0       0.90      0.87      0.88      1801
        5.0       0.88      0.91      0.90      1979
        6.0       1.00      1.00      1.00      1958
        7.0       0.90      0.87      0.88        70
        8.0       0.97      0.94      0.95        33
        9.0       0.80      0.77      0.78       107
       10.0       0.70      0.69      0.70        85
       11.0       0.83      0.84      0.84       139
       12.0       0.69      0.67      0.68        84

avg / total       0.95      0.95      0.95     10929

Accuracy: 0.951413670052
