SVM Linear Kernel with C as 1
             precision    recall  f1-score   support

        1.0       1.00      1.00      1.00      1722
        2.0       1.00      1.00      1.00      1544
        3.0       1.00      1.00      1.00      1407
        4.0       0.91      0.90      0.90      1801
        5.0       0.91      0.92      0.91      1979
        6.0       1.00      1.00      1.00      1958
        7.0       0.88      0.84      0.86        70
        8.0       0.94      0.97      0.96        33
        9.0       0.78      0.79      0.78       107
       10.0       0.75      0.74      0.75        85
       11.0       0.83      0.82      0.83       139
       12.0       0.73      0.70      0.72        84

avg / total       0.96      0.96      0.96     10929

Accuracy: 0.958459145393

SVM Linear Kernel with C as 10
             precision    recall  f1-score   support

        1.0       1.00      1.00      1.00      1722
        2.0       1.00      1.00      1.00      1544
        3.0       1.00      1.00      1.00      1407
        4.0       0.88      0.87      0.88      1801
        5.0       0.88      0.90      0.89      1979
        6.0       1.00      1.00      1.00      1958
        7.0       0.88      0.84      0.86        70
        8.0       0.94      0.97      0.96        33
        9.0       0.77      0.77      0.77       107
       10.0       0.74      0.75      0.75        85
       11.0       0.82      0.82      0.82       139
       12.0       0.73      0.69      0.71        84

avg / total       0.95      0.95      0.95     10929

Accuracy: 0.949126178058

SVM Linear Kernel with C as 100
             precision    recall  f1-score   support

        1.0       1.00      1.00      1.00      1722
        2.0       1.00      1.00      1.00      1544
        3.0       1.00      1.00      1.00      1407
        4.0       0.88      0.87      0.88      1801
        5.0       0.88      0.90      0.89      1979
        6.0       1.00      1.00      1.00      1958
        7.0       0.88      0.84      0.86        70
        8.0       0.94      0.97      0.96        33
        9.0       0.77      0.77      0.77       107
       10.0       0.74      0.75      0.75        85
       11.0       0.82      0.82      0.82       139
       12.0       0.73      0.69      0.71        84

avg / total       0.95      0.95      0.95     10929

Accuracy: 0.949126178058

SVM Linear Kernel with C as 1000
             precision    recall  f1-score   support

        1.0       1.00      1.00      1.00      1722
        2.0       1.00      1.00      1.00      1544
        3.0       1.00      1.00      1.00      1407
        4.0       0.88      0.87      0.88      1801
        5.0       0.88      0.90      0.89      1979
        6.0       1.00      1.00      1.00      1958
        7.0       0.88      0.84      0.86        70
        8.0       0.94      0.97      0.96        33
        9.0       0.77      0.77      0.77       107
       10.0       0.74      0.75      0.75        85
       11.0       0.82      0.82      0.82       139
       12.0       0.73      0.69      0.71        84

avg / total       0.95      0.95      0.95     10929

Accuracy: 0.949126178058

SVM Linear Kernel with C as 10000
             precision    recall  f1-score   support

        1.0       1.00      1.00      1.00      1722
        2.0       1.00      1.00      1.00      1544
        3.0       1.00      1.00      1.00      1407
        4.0       0.88      0.87      0.88      1801
        5.0       0.88      0.90      0.89      1979
        6.0       1.00      1.00      1.00      1958
        7.0       0.88      0.84      0.86        70
        8.0       0.94      0.97      0.96        33
        9.0       0.77      0.77      0.77       107
       10.0       0.74      0.75      0.75        85
       11.0       0.82      0.82      0.82       139
       12.0       0.73      0.69      0.71        84

avg / total       0.95      0.95      0.95     10929

Accuracy: 0.949126178058

SVM Linear Kernel with C as 100000
             precision    recall  f1-score   support

        1.0       1.00      1.00      1.00      1722
        2.0       1.00      1.00      1.00      1544
        3.0       1.00      1.00      1.00      1407
        4.0       0.88      0.87      0.88      1801
        5.0       0.88      0.90      0.89      1979
        6.0       1.00      1.00      1.00      1958
        7.0       0.88      0.84      0.86        70
        8.0       0.94      0.97      0.96        33
        9.0       0.77      0.77      0.77       107
       10.0       0.74      0.75      0.75        85
       11.0       0.82      0.82      0.82       139
       12.0       0.73      0.69      0.71        84

avg / total       0.95      0.95      0.95     10929

Accuracy: 0.949126178058

SVM Linear Kernel with C as 1000000
             precision    recall  f1-score   support

        1.0       1.00      1.00      1.00      1722
        2.0       1.00      1.00      1.00      1544
        3.0       1.00      1.00      1.00      1407
        4.0       0.88      0.87      0.88      1801
        5.0       0.88      0.90      0.89      1979
        6.0       1.00      1.00      1.00      1958
        7.0       0.88      0.84      0.86        70
        8.0       0.94      0.97      0.96        33
        9.0       0.77      0.77      0.77       107
       10.0       0.74      0.75      0.75        85
       11.0       0.82      0.82      0.82       139
       12.0       0.73      0.69      0.71        84

avg / total       0.95      0.95      0.95     10929

Accuracy: 0.949126178058
